0	62789.98206
200	55418.85066
400	33388.08811
600	28133.39765
800	27163.86699
1000	25232.05606
1200	23450.71455
1400	21764.05049
1600	20945.23782
1800	19970.51955
2000	19446.42383
2200	19062.91143
2400	18750.26464
2600	17872.4464
2800	17600.16973
3000	17114.21357
3200	16415.89633
3400	16197.11584
3600	15879.3102
3800	15601.21336
4000	15363.101
4200	15163.44176
4400	14829.25071
4600	14673.27408
4800	14516.73795
5000	14215.34211
5200	13988.7238
5400	13888.60839
5600	13752.75522
5800	13546.63721
6000	13401.33969
6200	13239.03724
6400	13095.02233
6600	13013.48304
6800	12897.96594
7000	12798.04852
7200	12659.15229
7400	12593.01582
7600	12509.98835
7800	12402.66148
8000	12347.3027
8200	12272.59673
8400	12207.42307
8600	12147.14769
8800	12096.81263
9000	12066.3976
9200	12004.87307
9400	11944.55734
9600	11879.33615
9800	11815.58926
10000	11771.28806
10200	11721.46149
10400	11675.34684
10600	11633.42275
10800	11594.07314
11000	11552.05021
11200	11519.81859
11400	11481.86922
11600	11435.27126
11800	11404.2395
12000	11380.34215
12200	11351.61388
12400	11318.44337
12600	11297.48018
12800	11268.22539
13000	11239.83573
13200	11218.83458
13400	11193.19453
13600	11168.97308
13800	11146.992
14000	11119.37954
14200	11103.51898
14400	11081.0189
14600	11068.05138
14800	11050.69305
15000	11035.78025
15200	11019.83496
15400	11001.72132
15600	10987.25478
15800	10975.97099
16000	10964.10421
16200	10949.48008
16400	10937.50495
16600	10930.19041
16800	10919.30615
17000	10909.16522
17200	10901.33946
17400	10888.3945
17600	10876.9534
17800	10868.85428
18000	10860.15644
18200	10852.68887
18400	10843.07064
18600	10834.4627
18800	10827.40254
19000	10821.64034
19200	10814.12142
19400	10808.92671
19600	10804.15228
19800	10798.98299
20000	10793.98498
20200	10788.55147
20400	10785.03441
20600	10781.64876
20800	10778.11239
21000	10775.2224
21200	10772.14054
21400	10770.19633
21600	10768.38012
21800	10766.17669
22000	10763.06717
22200	10760.87281
22400	10758.58576
22600	10756.27133
22800	10754.77092
23000	10753.00943
23200	10751.81952
23400	10750.96508
23600	10749.16875
23800	10747.6014
24000	10745.42822
24200	10743.89062
24400	10742.21128
24600	10740.72418
24800	10739.13746
25000	10738.05326
25200	10736.66731
25400	10735.62476
25600	10734.29914
25800	10732.77967
26000	10731.99456
26200	10730.85382
26400	10729.81114
26600	10728.85417
26800	10728.01941
27000	10726.97411
27200	10725.98479
27400	10725.18184
27600	10723.83262
27800	10722.84803
28000	10721.85885
28200	10721.07435
28400	10720.28997
28600	10719.52146
28800	10718.97979
29000	10718.4188
29200	10717.84915
29400	10717.36101
29600	10717.01363
29800	10716.59823
30000	10715.99045
30200	10715.63309
30400	10715.32341
30600	10715.01993
30800	10714.58126
31000	10714.18592
31200	10713.83953
31400	10713.46924
31600	10713.25143
31800	10712.94598
32000	10712.58181
32200	10712.29463
32400	10712.05037
32600	10711.74322
32800	10711.39822
33000	10711.089
33200	10710.70951
33400	10710.59239
33600	10710.44936
33800	10710.16072
34000	10709.87029
34200	10709.44535
34400	10709.18293
34600	10708.79351
34800	10708.23469
35000	10708.00301
35200	10707.63066
35400	10707.36866
35600	10706.93889
35800	10706.64063
36000	10706.37761
36200	10706.15285
36400	10705.99272
36600	10705.68199
36800	10705.40769
37000	10705.24119
37200	10704.91766
37400	10704.71807
37600	10704.22293
37800	10703.97254
38000	10703.85468
38200	10703.67304
38400	10703.4192
38600	10703.19062
38800	10702.93132
39000	10702.77481
39200	10702.50876
39400	10702.28091
39600	10702.05296
39800	10701.84942
40000	10701.68673
40200	10701.42392
40400	10701.23139
40600	10701.02763
40800	10700.8477
41000	10700.69941
41200	10700.60006
41400	10700.40189
41600	10700.26033
41800	10700.13874
42000	10699.96782
42200	10699.79602
42400	10699.69294
42600	10699.5227
42800	10699.28766
43000	10699.23964
43200	10699.09669
43400	10698.90651
43600	10698.75827
43800	10698.55864
44000	10698.44896
44200	10698.27766
44400	10698.09406
44600	10697.93209
44800	10697.69551
45000	10697.6174
45200	10697.51928
45400	10697.38595
45600	10697.29369
45800	10697.21627
46000	10697.02537
46200	10696.84357
46400	10696.77994
46600	10696.5691
46800	10696.52687
47000	10696.43197
47200	10696.2159
47400	10696.11254
47600	10696.04144
47800	10695.9757
48000	10695.89984
48200	10695.79113
48400	10695.64832
48600	10695.55895
48800	10695.4865
49000	10695.44271
49200	10695.32749
49400	10695.30473
49600	10695.22546
49800	10695.17004
50000	10695.11878
50200	10695.06244
50400	10694.99468
50600	10694.9605
50800	10694.89526
51000	10694.81845
51200	10694.76077
51400	10694.70127
51600	10694.65538
51800	10694.56756
52000	10694.48
52200	10694.37463
52400	10694.2378
52600	10694.1688
52800	10694.04688
53000	10693.92003
53200	10693.85964
53400	10693.80669
53600	10693.75738
53800	10693.73864
54000	10693.69623
54200	10693.64649
54400	10693.63523
54600	10693.6141
54800	10693.55677
55000	10693.51015
55200	10693.45667
55400	10693.43451
55600	10693.38696
55800	10693.33226
56000	10693.30343
56200	10693.27058
56400	10693.19687
56600	10693.17994
56800	10693.15958
57000	10693.09668
57200	10693.06553
57400	10693.03834
57600	10693.02109
57800	10692.94039
58000	10692.86946
58200	10692.81123
58400	10692.78433
58600	10692.74384
58800	10692.69185
59000	10692.66694
59200	10692.63857
59400	10692.57982
59600	10692.55504
59800	10692.52674
60000	10692.50942
60200	10692.48159
60400	10692.44304
60600	10692.42842
60800	10692.4082
61000	10692.36396
61200	10692.35679
61400	10692.31919
61600	10692.2916
61800	10692.26257
62000	10692.24469
62200	10692.2189
62400	10692.18487
62600	10692.16546
62800	10692.15029
63000	10692.13733
63200	10692.10579
63400	10692.09115
63600	10692.08564
63800	10692.07716
64000	10692.06747
64200	10692.03673
64400	10691.98503
64600	10691.96479
64800	10691.9474
65000	10691.93165
65200	10691.90852
65400	10691.89056
65600	10691.87424
65800	10691.82846
66000	10691.82123
66200	10691.81133
66400	10691.79979
66600	10691.78388
66800	10691.77327
67000	10691.75942
67200	10691.74293
67400	10691.71934
67600	10691.69701
67800	10691.69036
68000	10691.6622
68200	10691.6474
68400	10691.63865
68600	10691.63733
68800	10691.62317
69000	10691.60687
69200	10691.58021
69400	10691.56862
69600	10691.55302
69800	10691.52692
70000	10691.51819
70200	10691.49784
70400	10691.48715
70600	10691.48262
70800	10691.4725
71000	10691.45187
71200	10691.43095
71400	10691.4226
71600	10691.40829
71800	10691.3961
72000	10691.37593
72200	10691.35257
72400	10691.33923
72600	10691.33497
72800	10691.32099
73000	10691.31009
73200	10691.30569
73400	10691.2966
73600	10691.29243
73800	10691.26045
74000	10691.25101
74200	10691.24505
74400	10691.24227
74600	10691.23242
74800	10691.2173
75000	10691.21117
75200	10691.20863
75400	10691.19513
75600	10691.19038
75800	10691.18015
76000	10691.16551
76200	10691.16442
76400	10691.13862
76600	10691.11842
76800	10691.11265
77000	10691.08787
77200	10691.08153
77400	10691.06317
77600	10691.05869
77800	10691.04639
78000	10691.02818
78200	10691.02223
78400	10691.01148
78600	10690.99686
78800	10690.97393
79000	10690.96705
79200	10690.94745
79400	10690.93085
79600	10690.92199
79800	10690.91017
80000	10690.90577
80200	10690.89898
80400	10690.8882
80600	10690.88587
80800	10690.87554
81000	10690.87421
81200	10690.87189
81400	10690.85938
81600	10690.84595
81800	10690.83474
82000	10690.83363
82200	10690.81863
82400	10690.81785
82600	10690.81785
82800	10690.80986
83000	10690.7999
83200	10690.79649
83400	10690.78043
83600	10690.77465
83800	10690.77163
84000	10690.75356
84200	10690.74988
84400	10690.74387
84600	10690.74387
84800	10690.74175
85000	10690.73557
85200	10690.7265
85400	10690.71903
85600	10690.71437
85800	10690.71251
86000	10690.69505
86200	10690.6757
86400	10690.66973
86600	10690.65259
86800	10690.64533
87000	10690.64087
87200	10690.6345
87400	10690.63365
87600	10690.62522
87800	10690.61957
88000	10690.60349
88200	10690.59481
88400	10690.5943
88600	10690.5898
88800	10690.58155
89000	10690.57083
89200	10690.55777
89400	10690.55729
89600	10690.553
89800	10690.5465
90000	10690.54558
90200	10690.54007
90400	10690.53237
90600	10690.53237
90800	10690.52375
91000	10690.51796
91200	10690.51077
91400	10690.5027
91600	10690.49527
91800	10690.47247
92000	10690.45956
92200	10690.4561
92400	10690.45096
92600	10690.44419
92800	10690.44272
93000	10690.43375
93200	10690.42412
93400	10690.42169
93600	10690.41549
93800	10690.41178
94000	10690.40899
94200	10690.40452
94400	10690.39826
94600	10690.38965
94800	10690.38926
95000	10690.3713
95200	10690.36431
95400	10690.35915
95600	10690.35679
95800	10690.35409
96000	10690.34851
96200	10690.34217
96400	10690.34035
96600	10690.339
96800	10690.33837
97000	10690.334
97200	10690.31573
97400	10690.31164
97600	10690.29876
97800	10690.29131
98000	10690.28321
98200	10690.27747
98400	10690.27238
98600	10690.26285
98800	10690.26067
99000	10690.25296
99200	10690.24209
99400	10690.23783
99600	10690.22589
99800	10690.22517
