0	500512.0224
200	422737.2227
400	364467.623
600	327670.839
800	289538.1055
1000	268871.7301
1200	239290.3412
1400	228532.61
1600	221539.2604
1800	213708.3244
2000	207471.7753
2200	201318.8496
2400	197451.3502
2600	193836.9775
2800	189158.6846
3000	186143.693
3200	183533.4626
3400	179401.252
3600	177735.3642
3800	175145.2017
4000	173599.5218
4200	171531.4657
4400	170047.7179
4600	166826.0154
4800	165230.0492
5000	163041.1643
5200	160606.2315
5400	159474.3673
5600	158061.7875
5800	156437.4503
6000	154875.3692
6200	152765.6196
6400	150721.531
6600	149050.9391
6800	147640.4154
7000	146127.4845
7200	144856.7354
7400	144094.675
7600	142821.4923
7800	141057.5588
8000	139764.5159
8200	138495.5794
8400	137454.6505
8600	135933.152
8800	134680.6685
9000	133809.4267
9200	132437.8247
9400	131410.5025
9600	130310.6885
9800	129695.1485
10000	128455.9146
10200	127845.01
10400	126293.703
10600	125439.353
10800	124733.7508
11000	124208.1304
11200	123554.3275
11400	122767.4927
11600	121958.3331
11800	121457.7191
12000	120886.1494
12200	120082.0113
12400	119411.0006
12600	118783.4329
12800	118017.8354
13000	117474.0783
13200	117173.5087
13400	116402.9767
13600	115797.3249
13800	115223.3358
14000	114678.6074
14200	113976.8613
14400	113314.9811
14600	112821.7469
14800	112492.4021
15000	111918.8205
15200	111484.588
15400	111040.5397
15600	110564.9646
15800	110023.7074
16000	109582.928
16200	109174.8688
16400	108718.9523
16600	108356.5934
16800	107851.7127
17000	107480.6347
17200	107182.5461
17400	106828.3924
17600	106349.2848
17800	106015.8887
18000	105718.0686
18200	105245.9135
18400	104762.8656
18600	104427.5575
18800	104074.54
19000	103845.4339
19200	103476.8781
19400	103028.8577
19600	102661.4504
19800	102354.3703
20000	102029.9746
20200	101771.1802
20400	101456.077
20600	101152.819
20800	100780.856
21000	100420.2055
21200	100152.848
21400	99888.83602
21600	99457.19859
21800	99107.93747
22000	98800.04715
22200	98528.6444
22400	98307.33552
22600	98063.91874
22800	97772.97903
23000	97390.86384
23200	97119.45482
23400	96875.76494
23600	96694.44608
23800	96407.11337
24000	96206.58824
24200	95955.43548
24400	95734.82309
24600	95469.98081
24800	95272.69963
25000	95087.24098
25200	94861.03729
25400	94671.64772
25600	94370.4527
25800	94193.65782
26000	93964.20605
26200	93767.22525
26400	93560.31881
26600	93393.38646
26800	93163.98855
27000	92968.86968
27200	92776.45378
27400	92581.97993
27600	92385.34448
27800	92216.9048
28000	92046.14137
28200	91815.4245
28400	91659.30721
28600	91465.40304
28800	91347.87528
29000	91188.38915
29200	91030.41707
29400	90824.42526
29600	90681.19621
29800	90478.56796
30000	90282.86632
30200	90090.58398
30400	89924.56977
30600	89790.25947
30800	89619.67921
31000	89426.25596
31200	89259.31317
31400	89121.44893
31600	89004.2072
31800	88829.95064
32000	88694.15251
32200	88604.43072
32400	88439.36407
32600	88331.99665
32800	88176.84621
33000	88043.29011
33200	87914.79324
33400	87831.70209
33600	87720.46341
33800	87604.72001
34000	87502.3122
34200	87377.52815
34400	87269.56405
34600	87157.65817
34800	87078.42204
35000	86990.82832
35200	86891.5372
35400	86779.7142
35600	86595.53385
35800	86524.10632
36000	86433.84226
36200	86328.92977
36400	86252.15965
36600	86161.28258
36800	86066.38298
37000	85945.42322
37200	85893.79089
37400	85805.38699
37600	85705.79036
37800	85598.89365
38000	85506.67029
38200	85411.23839
38400	85323.91419
38600	85253.34838
38800	85174.58462
39000	85083.85513
39200	84997.98127
39400	84923.44468
39600	84840.26374
39800	84784.98828
40000	84722.02853
40200	84661.85898
40400	84599.50978
40600	84488.86218
40800	84385.10323
41000	84323.8345
41200	84265.44415
41400	84198.36389
41600	84153.96738
41800	84108.45935
42000	84055.89128
42200	84003.38984
42400	83928.64973
42600	83867.94787
42800	83820.96542
43000	83765.56125
43200	83717.6496
43400	83684.37982
43600	83632.76462
43800	83592.42166
44000	83549.81584
44200	83503.53441
44400	83447.58059
44600	83410.92614
44800	83356.57546
45000	83324.33993
45200	83271.10276
45400	83235.98781
45600	83200.26349
45800	83159.21221
46000	83113.36664
46200	83071.09051
46400	83024.50303
46600	83002.72636
46800	82971.51761
47000	82927.73637
47200	82888.91651
47400	82840.99656
47600	82801.37543
47800	82778.06089
48000	82742.77558
48200	82699.75313
48400	82657.29885
48600	82635.83277
48800	82588.73919
49000	82555.81608
49200	82521.49085
49400	82488.97711
49600	82454.37605
49800	82424.90326
50000	82391.60012
50200	82365.69753
50400	82343.48263
50600	82321.12941
50800	82275.22683
51000	82247.83701
51200	82226.43281
51400	82212.49921
51600	82177.46309
51800	82157.20007
52000	82126.18986
52200	82103.83277
52400	82073.71961
52600	82048.53876
52800	82030.74825
53000	82006.56578
53200	81992.75717
53400	81974.62047
53600	81959.82255
53800	81940.9282
54000	81920.71822
54200	81906.57227
54400	81888.00502
54600	81872.54558
54800	81852.05051
55000	81842.69258
55200	81824.654
55400	81813.8328
55600	81804.45142
55800	81796.4222
56000	81784.41301
56200	81773.5221
56400	81756.3941
56600	81743.20637
56800	81731.32625
57000	81722.23119
57200	81706.67822
57400	81694.89442
57600	81682.45197
57800	81673.06196
58000	81662.38139
58200	81654.28935
58400	81641.20413
58600	81627.81017
58800	81611.13673
59000	81595.82466
59200	81586.05181
59400	81578.29253
59600	81573.09167
59800	81565.40235
60000	81555.33897
60200	81547.40156
60400	81532.89243
60600	81521.57268
60800	81511.71171
61000	81503.66027
61200	81492.9107
61400	81482.54455
61600	81473.54965
61800	81468.67643
62000	81464.45235
62200	81459.57559
62400	81456.74566
62600	81446.47224
62800	81440.73643
63000	81437.02805
63200	81429.8814
63400	81425.37938
63600	81418.99597
63800	81415.27746
64000	81405.88379
64200	81403.19703
64400	81396.77249
64600	81391.90139
64800	81387.11963
65000	81383.31355
65200	81379.20949
65400	81374.49482
65600	81368.08592
65800	81362.91314
66000	81358.88051
66200	81355.474
66400	81351.42362
66600	81348.29027
66800	81345.46951
67000	81341.61089
67200	81336.69125
67400	81331.46206
67600	81329.6627
67800	81326.92868
68000	81323.3047
68200	81320.35213
68400	81316.36474
68600	81312.4814
68800	81310.69441
69000	81307.82835
69200	81305.56786
69400	81301.77282
69600	81298.41189
69800	81295.78952
70000	81292.57695
70200	81290.44164
70400	81287.98326
70600	81286.35467
70800	81284.61839
71000	81281.86775
71200	81280.55632
71400	81278.58193
71600	81276.76626
71800	81274.97846
72000	81272.82029
72200	81271.31998
72400	81269.7446
72600	81268.40322
72800	81267.57315
73000	81265.98906
73200	81264.31499
73400	81261.99631
73600	81260.69166
73800	81259.19279
74000	81257.72814
74200	81256.45786
74400	81254.56623
74600	81253.55074
74800	81252.35843
75000	81250.28631
75200	81248.70593
75400	81247.61035
75600	81246.92506
75800	81245.55462
76000	81243.95302
76200	81242.71831
76400	81241.43127
76600	81240.26017
76800	81238.92597
77000	81237.08817
77200	81235.5336
77400	81234.13937
77600	81233.29283
77800	81232.37376
78000	81231.2455
78200	81230.54205
78400	81230.08131
78600	81229.16718
78800	81228.32565
79000	81227.7685
79200	81226.88057
79400	81225.82927
79600	81225.09387
79800	81223.97923
80000	81223.34603
80200	81222.71393
80400	81221.86716
80600	81221.26012
80800	81220.61257
81000	81219.70834
81200	81219.05562
81400	81218.59911
81600	81217.25412
81800	81216.12134
82000	81215.01332
82200	81213.96103
82400	81213.20635
82600	81212.38832
82800	81211.77099
83000	81211.37126
83200	81210.85985
83400	81210.18362
83600	81209.55835
83800	81208.98548
84000	81208.33976
84200	81208.05882
84400	81207.47285
84600	81207.22969
84800	81206.87317
85000	81206.72015
85200	81206.55673
85400	81206.13246
85600	81205.66562
85800	81205.47581
86000	81205.24957
86200	81204.66338
86400	81204.32491
86600	81204.04571
86800	81203.88626
87000	81203.42357
87200	81203.14324
87400	81202.93436
87600	81202.38312
87800	81202.33055
88000	81201.95521
88200	81201.55907
88400	81201.23422
88600	81200.92768
88800	81200.38344
89000	81199.93405
89200	81199.40333
89400	81198.86424
89600	81198.78239
89800	81198.29127
90000	81198.02301
90200	81197.69049
90400	81197.42337
90600	81196.42047
90800	81195.99883
91000	81195.5854
91200	81194.94715
91400	81194.44927
91600	81194.02195
91800	81193.72984
92000	81193.54594
92200	81193.31114
92400	81192.78286
92600	81192.56949
92800	81192.18713
93000	81191.60023
93200	81190.94887
93400	81190.72101
93600	81190.47875
93800	81190.09412
94000	81189.73347
94200	81189.11104
94400	81188.76358
94600	81188.39429
94800	81187.85205
95000	81187.54271
95200	81186.97805
95400	81186.58441
95600	81186.39821
95800	81186.1613
96000	81185.64036
96200	81185.3318
96400	81184.89543
96600	81184.5083
96800	81184.16374
97000	81183.64935
97200	81183.50578
97400	81183.45795
97600	81183.24498
97800	81183.06248
98000	81182.63307
98200	81182.17424
98400	81181.39059
98600	81181.09219
98800	81180.88164
99000	81180.25713
99200	81179.9586
99400	81179.76052
99600	81179.30501
99800	81178.98988
